<mesh>
  <polytype>
    6
  <point>
    0 0 0 1 1 1 1 1 .5 .5
  <point>
    0.5 0 0 1 1 1 1 1 1 0.5
  <point>
    0.475528 0.154509 0 1 1 1 1 1 0.975528 0.654509
  <point>
    0.404509 0.293893 0 1 1 1 1 1 0.904509 0.793893
  <point>
    0.293893 0.404509 0 1 1 1 1 1 0.793893 0.904509
  <point>
    0.154508 0.475528 0 1 1 1 1 1 0.654508 0.975528
  <point>
    0 0.5 0 1 1 1 1 1 0.5 1
  <point>
    -0.154509 0.475528 0 1 1 1 1 1 0.345491 0.975528
  <point> 
    -0.293893 0.404509 0 1 1 1 1 1 0.206107 0.904509
  <point>
    -0.404509 0.293893 0 1 1 1 1 1 0.0954915 0.793893
  <point>
    -0.475528 0.154508 0 1 1 1 1 1 0.0244717 0.654508
  <point>
    -0.5 0 0 1 1 1 1 1 0 0.5
  <point>
    -0.475528 -0.154508 0 1 1 1 1 1 0.0244717 0.345492
  <point>
    -0.404508 -0.293893 0 1 1 1 1 1 0.0954915 0.206107
  <point>
    -0.293893 -0.404509 0 1 1 1 1 1 0.206107 0.0954914
  <point> 
    -0.154509 -0.475528 0 1 1 1 1 1 0.345491 0.0244718
  <point>
    0 -0.5 0 1 1 1 1 1 0.5 0
  <point>
    0.154509 -0.475528 0 1 1 1 1 1 0.654509 0.0244718
  <point>
    0.293893 -0.404508 0 1 1 1 1 1 0.793893 0.0954916
  <point>
    0.404509 -0.293892 0 1 1 1 1 1 0.904509 0.206108
  <point>
    0.475528 -0.154508 0 1 1 1 1 1 0.975528 0.345492
  <point>
    0.5 0 0 1 1 1 1 1 1 0.5
</mesh>
